$ANSIBLE_VAULT;1.1;AES256
38333833376538313633306565646333343439396566313339386137626231633133383235386533
6338613565643361313065383436626130373334323634390a643435373263376631323862303733
37343836326535623230386430363931393261613438333238636334663933613165303033366533
3730626435323662610a363064663564346136393161313837623765636334346432316238666433
62363437393531643230633964623964396263616434643537346138343835643836666338343335
65363034363332376366323536336134623238346662343239666362653932383061636462373339
62396534386534363738323466643236353736366465326635306661373663646334333638656637
32323237656666373034326664336238393932353663326433363635376463386531333130353666
39356263633632356431623831623563626666646331366438643361643761653330323030626539
31643533653132306262326562656234343337393535383236376131356135353234623731666634
366161663366393930313538346335636337
